[gd_scene load_steps=4 format=2]

[ext_resource path="res://Scenes/Enviroment/Space.tscn" type="PackedScene" id=1]
[ext_resource path="res://Models/VoxType/Objects/QuestionMark.vox" type="ArrayMesh" id=2]

[sub_resource type="GDScript" id=1]
script/source = "extends Spatial

# Declare member variables here. Examples:
# var a = 2
# var b = \"text\"

# Called when the node enters the scene tree for the first time.
func _ready():
	Global.fade.fadeIn()
	pass # Replace with function body.

# Called every frame. 'delta' is the elapsed time since the previous frame.
#func _process(delta):
#	pass
"

[node name="Spatial" type="Spatial"]
script = SubResource( 1 )

[node name="WorldEnvironment" parent="." instance=ExtResource( 1 )]

[node name="Camera" type="Camera" parent="."]
transform = Transform( 1, 0, 0, 0, 0.5, 0.866025, 0, -0.866025, 0.5, 0, 66, 8 )
far = 500000.0

[node name="MeshInstance" type="MeshInstance" parent="."]
transform = Transform( 1, 0, 0, 0, 0.5, 0.866025, 0, -0.866025, 0.5, 0, 0, 0 )
mesh = ExtResource( 2 )
material/0 = null

[node name="DirectionalLight" type="DirectionalLight" parent="."]
transform = Transform( 0.500272, -0.00759612, 0.865835, -0.86292, -0.0868241, 0.497826, 0.0713938, -0.996195, -0.0499905, 3.27826e-007, 124, -4.76837e-007 )
light_energy = 8.84
shadow_enabled = true

